
output = mPk
P_k_max_h/Mpc = 5.0
z_max_pk = 3.0

A_s = 2.100549e-9
n_s = 0.9665
h = 0.6736
omega_b = 0.02237
omega_cdm = 0.12

has_utis = yes
utis_S0 = 0.7043050876778552
utis_theta_ini = 0.0
utis_gate_at = 0.65
utis_gate_p = 8.0
utis_kc = 0.03731562114547061
