# UTIS Asymmetric PMNS Geometry Q-21C

## 1. Goal

Construct asymmetric delocalized neutrino branch geometry to enhance PMNS-like large mixing structure.

---

## 2. Core interpretation

```text
charged leptons -> localized folded branch geometry
neutrinos       -> asymmetric unfolded branch geometry
```

---

## 3. Charged-lepton geometry

Positions:

```text
[0.0, 1.0, 2.2]
```

Widths:

```text
[0.35, 0.35, 0.45]
```

Overlap matrix:

```text
[[1.00000000e+00 1.29922608e-01 5.19574682e-04]
 [1.29922608e-01 1.00000000e+00 1.05399225e-01]
 [5.19574682e-04 1.05399225e-01 1.00000000e+00]]
```

---

## 4. Neutrino geometry

Positions:

```text
[0.0, 0.45, 2.1]
```

Widths:

```text
[1.8, 1.1, 2.4]
```

Overlap matrix:

```text
[[1.         0.9762091  0.77880078]
 [0.9762091  1.         0.80071925]
 [0.77880078 0.80071925 1.        ]]
```

---

## 5. PMNS extraction

```text
V_PMNS = U_e^dagger U_nu
```

Extracted |V_PMNS|:

|     |      nu1 |      nu2 |       nu3 |
|:----|---------:|---------:|----------:|
| e   | 0.910635 | 0.386233 | 0.146857  |
| mu  | 0.397204 | 0.916172 | 0.0534646 |
| tau | 0.113896 | 0.107019 | 0.987712  |

---

## 6. Mixing-angle scales

```text
theta12 = 0.386233
theta23 = 0.053465
theta13 = 0.146857
```

Interpretation:

```text
asymmetric branch geometry
→ pair-dependent overlap enhancement
→ large PMNS-like mixing structure
```

---

## 7. Possible UTIS interpretation

```text
localized folded charged-lepton sector
→ hierarchical flavor localization

delocalized asymmetric neutrino sector
→ enhanced pair mixing

geometry mismatch
→ emergent PMNS structure
```

---

## 8. Unitary consistency

```text
[[1.00000000e+00 3.09191958e-16 3.40954828e-16]
 [3.09191958e-16 1.00000000e+00 2.21070850e-17]
 [3.40954828e-16 2.21070850e-17 1.00000000e+00]]
```

---

## 9. Important caution

```text
This remains a toy PMNS scaffold.
```

Still required:

```text
neutrino mass ordering
Majorana phases
oscillation phenomenology
global fit consistency
gauge embedding
```

---

## 10. Long-term target

Desired chain:

```text
asymmetric branch geometry
→ pair-dependent overlap
→ unitary PMNS structure
→ large lepton mixing
→ neutrino phenomenology
```
